Estatísticas Amplificadores: 
RB: 36.1111111111111
RBS: 1.38888888888889
VBN: 1.38888888888889
JJS: 5.55555555555556
CD: 2.77777777777778
JJ: 34.7222222222222
VBG: 4.16666666666667
NN: 12.5
DT: 1.38888888888889

Estatísticas Redutores: 
JJS: 12.5
JJR: 6.25
RB: 18.75
JJ: 37.5
NN: 18.75
IN: 6.25

Estatísticas Gerais: 
RB: 32.9545454545455
RBS: 1.13636363636364
VBN: 1.13636363636364
JJS: 6.81818181818182
CD: 2.27272727272727
JJ: 35.2272727272727
VBG: 3.40909090909091
NN: 13.6363636363636
DT: 1.13636363636364
