Estatísticas Amplificadores: 
RB: 34.9480968858132
VBN: 0.346020761245675
VBP: 0.69204152249135
CD: 6.9204152249135
JJ: 46.0207612456747
VBG: 4.1522491349481
NN: 4.49826989619377
UH: 2.42214532871972

Estatísticas Redutores: 
RB: 4
VBN: 1.6
IN: 32.8
VBP: 1.6
JJS: 4
CD: 0.8
RBR: 1.6
JJR: 3.2
VB: 4
JJ: 35.2
VBG: 1.6
NN: 9.6

Estatísticas Gerais: 
RB: 25.6038647342995
VBN: 0.72463768115942
VBP: 0.966183574879227
CD: 5.07246376811594
JJ: 42.7536231884058
VBG: 3.38164251207729
NN: 6.03864734299517
UH: 1.69082125603865
