Estatísticas Amplificadores: 
PDT: 6.02409638554217
RB: 29.718875502008
VBP: 0.803212851405622
CD: 8.03212851405623
JJ: 27.710843373494
NN: 4.01606425702811
VBG: 1.60642570281124
DT: 19.2771084337349
UH: 2.81124497991968

Estatísticas Redutores: 
VBP: 3.2258064516129
RBR: 6.45161290322581
RB: 16.1290322580645
JJR: 12.9032258064516
JJ: 45.1612903225806
VBG: 3.2258064516129
NN: 12.9032258064516

Estatísticas Gerais: 
PDT: 5.35714285714286
RB: 28.2142857142857
VBP: 1.07142857142857
CD: 7.14285714285714
JJ: 29.6428571428571
NN: 5
VBG: 1.78571428571429
DT: 17.1428571428571
UH: 2.5
