Estatísticas Amplificadores: 
CD: 11.9760479041916
RB: 40.7185628742515
JJ: 37.125748502994
VBG: 2.39520958083832
NN: 3.59281437125748
UH: 4.19161676646707

Estatísticas Redutores: 
RBR: 7.14285714285714
RB: 17.8571428571429
JJR: 14.2857142857143
JJ: 46.4285714285714
NN: 14.2857142857143

Estatísticas Gerais: 
CD: 10.2564102564103
RB: 37.4358974358974
JJ: 38.4615384615385
VBG: 2.05128205128205
NN: 5.12820512820513
UH: 3.58974358974359
