Estatísticas Amplificadores: 
PDT: 3.21199143468951
RB: 40.4710920770878
RBS: 2.56959314775161
IN: 0.214132762312634
VBN: 0.214132762312634
JJS: 2.99785867237687
VBP: 0.428265524625268
CD: 4.28265524625268
JJ: 28.6937901498929
NN: 3.42612419700214
VBG: 1.71306209850107
DT: 10.2783725910064
UH: 1.49892933618844

Estatísticas Redutores: 
JJS: 18.1818181818182
RBR: 4.54545454545455
RB: 9.09090909090909
JJR: 9.09090909090909
JJ: 45.4545454545455
NN: 9.09090909090909
IN: 4.54545454545455

Estatísticas Gerais: 
PDT: 2.93542074363992
RB: 37.7690802348337
RBS: 2.34833659491194
IN: 0.587084148727984
VBN: 0.195694716242661
JJS: 4.30528375733855
VBP: 0.391389432485323
CD: 3.91389432485323
JJ: 30.1369863013699
NN: 3.91389432485323
VBG: 1.56555772994129
DT: 9.39334637964775
UH: 1.36986301369863
