Estatísticas Amplificadores: 
RB: 13.302752293578
IN: 0.458715596330275
VBN: 1.8348623853211
CD: 0.688073394495413
VB: 0.688073394495413
JJ: 57.1100917431193
NN: 20.8715596330275
VBG: 2.98165137614679
NNS: 1.60550458715596
VBD: 0.229357798165138
DT: 0.229357798165138

Estatísticas Redutores: 
CC: 0.43859649122807
RB: 3.07017543859649
IN: 0.43859649122807
VBN: 5.26315789473684
JJR: 1.31578947368421
VBZ: 0.43859649122807
VB: 0.43859649122807
JJ: 57.0175438596491
NNS: 0.43859649122807
NN: 28.0701754385965
VBG: 2.63157894736842
VBD: 0.43859649122807

Estatísticas Gerais: 
RB: 9.78915662650602
IN: 0.451807228915663
VBN: 3.01204819277108
CD: 0.451807228915663
VB: 0.602409638554217
JJ: 57.078313253012
NN: 23.3433734939759
VBG: 2.86144578313253
NNS: 1.20481927710843
VBD: 0.301204819277108
DT: 0.150602409638554
