Estatísticas Amplificadores: 
RB: 28.8
VBN: 0.8
IN: 0.8
CD: 1.6
VB: 1.6
JJ: 32
NN: 29.6
NNS: 3.2
VBG: 0.8
DT: 0.8

Estatísticas Redutores: 
RB: 7.82608695652174
VBN: 1.73913043478261
VBZ: 0.869565217391304
JJR: 2.60869565217391
JJ: 55.6521739130435
NN: 28.695652173913
VBG: 1.73913043478261
NNS: 0.869565217391304

Estatísticas Gerais: 
RB: 18.75
VBN: 1.25
IN: 0.416666666666667
CD: 0.833333333333333
VB: 0.833333333333333
JJ: 43.3333333333333
NN: 29.1666666666667
NNS: 2.08333333333333
VBG: 1.25
DT: 0.416666666666667
