Estatísticas Amplificadores: 
RB: 35.8974358974359
IN: 1.28205128205128
VBN: 2.56410256410256
JJS: 1.28205128205128
JJ: 33.3333333333333
NNS: 2.56410256410256
VBG: 2.56410256410256
NN: 17.9487179487179
VBD: 1.28205128205128
DT: 1.28205128205128

Estatísticas Redutores: 
CC: 3.84615384615385
RB: 11.5384615384615
VBN: 3.84615384615385
IN: 3.84615384615385
JJR: 3.84615384615385
JJ: 26.9230769230769
NN: 34.6153846153846
VBG: 7.69230769230769
NNS: 3.84615384615385

Estatísticas Gerais: 
RB: 29.8076923076923
IN: 1.92307692307692
VBN: 2.88461538461538
JJS: 0.961538461538462
JJ: 31.7307692307692
NNS: 2.88461538461538
VBG: 3.84615384615385
NN: 22.1153846153846
VBD: 0.961538461538462
DT: 0.961538461538462
