Estatísticas Amplificadores: 
PDT: 2.85714285714286
RB: 49.7402597402597
NNP: 0.12987012987013
IN: 0.12987012987013
VBN: 0.12987012987013
VBP: 0.12987012987013
VB: 0.12987012987013
JJ: 29.3506493506493
VBG: 1.16883116883117
NN: 5.32467532467532
NNS: 0.38961038961039
VBD: 0.25974025974026
UH: 0.12987012987013
DT: 10.1298701298701

Estatísticas Redutores: 
CC: 1.92307692307692
RB: 5.76923076923077
RBR: 0.961538461538462
JJR: 4.80769230769231
JJ: 45.1923076923077
NN: 36.5384615384615
VBG: 1.92307692307692
NNS: 1.92307692307692
VBD: 0.961538461538462

Estatísticas Gerais: 
PDT: 2.51716247139588
RB: 44.5080091533181
NNP: 0.11441647597254
IN: 0.11441647597254
VBN: 0.11441647597254
VBP: 0.11441647597254
VB: 0.11441647597254
JJ: 31.2356979405034
VBG: 1.25858123569794
NN: 9.03890160183066
NNS: 0.5720823798627
VBD: 0.34324942791762
UH: 0.11441647597254
DT: 8.92448512585812
