Estatísticas Amplificadores: 
PDT: 2.84605433376455
RB: 50.1940491591203
NNP: 0.129366106080207
IN: 0.129366106080207
VBN: 0.129366106080207
JJS: 0.258732212160414
VBP: 0.129366106080207
VB: 0.258732212160414
JJ: 26.908150064683
VBG: 1.29366106080207
NN: 6.72703751617076
NNS: 0.388098318240621
VBD: 0.258732212160414
UH: 0.258732212160414
DT: 10.0905562742561

Estatísticas Redutores: 
CC: 1.8348623853211
RB: 8.25688073394496
IN: 1.8348623853211
RBR: 0.917431192660551
JJR: 4.58715596330275
JJ: 43.1192660550459
NN: 34.8623853211009
VBG: 1.8348623853211
NNS: 1.8348623853211
VBD: 0.917431192660551

Estatísticas Gerais: 
PDT: 2.49433106575964
RB: 45.0113378684807
NNP: 0.113378684807256
IN: 0.340136054421769
VBN: 0.113378684807256
JJS: 0.226757369614512
VBP: 0.113378684807256
VB: 0.226757369614512
JJ: 28.9115646258503
VBG: 1.36054421768707
NN: 10.2040816326531
NNS: 0.566893424036281
VBD: 0.340136054421769
UH: 0.226757369614512
DT: 8.84353741496599
