Estatísticas Amplificadores: 
RB: 11.6336633663366
IN: 0.742574257425743
VBN: 2.47524752475248
CD: 0.742574257425743
VB: 0.742574257425743
JJ: 57.6732673267327
NN: 20.5445544554455
VBG: 3.71287128712871
NNS: 1.48514851485149
VBD: 0.247524752475248

Estatísticas Redutores: 
CC: 0.309597523219814
RB: 4.95356037151703
IN: 0.619195046439629
VBN: 4.64396284829721
JJS: 0.309597523219814
CD: 0.309597523219814
VBZ: 0.309597523219814
JJR: 1.54798761609907
VB: 0.619195046439629
JJ: 57.5851393188854
NNS: 0.309597523219814
NN: 26.3157894736842
VBG: 2.1671826625387

Estatísticas Gerais: 
RB: 8.66574965612105
IN: 0.687757909215956
VBN: 3.43878954607978
CD: 0.550206327372765
VB: 0.687757909215956
JJ: 57.6341127922971
NN: 23.1086657496561
VBG: 3.02613480055021
NNS: 0.962861072902338
VBD: 0.137551581843191
