Estatísticas Amplificadores: 
CD: 2.32558139534884
RB: 34.8837209302326
VB: 2.32558139534884
JJ: 23.2558139534884
VBG: 1.16279069767442
NN: 30.2325581395349
NNS: 4.65116279069767
IN: 1.16279069767442

Estatísticas Redutores: 
RB: 7.92079207920792
VBN: 1.98019801980198
VBZ: 0.99009900990099
JJR: 2.97029702970297
JJ: 52.4752475247525
NN: 31.6831683168317
NNS: 0.99009900990099
VBG: 0.99009900990099

Estatísticas Gerais: 
RB: 20.3208556149733
VBN: 1.06951871657754
VBZ: 0.53475935828877
JJR: 1.60427807486631
JJ: 39.0374331550802
NN: 31.0160427807487
NNS: 2.67379679144385
VBG: 1.06951871657754
